0201004080535S-CORP PHILIPPINES       201016000511
1201004080535000002010202595770000000437781    000
1201004080535000002010203974730000000393853    000
1201004080535000002010204240340000000041719    000
1201004080535000002010204232740000000038284    000
1201004080535000002010204238330000000144571    000
1201004080535000002010204238780000000188007    000
1201004080535000002010204238950000000509335    000
1201004080535000002010204239000000000376699    000
1201004080535000002010204239130000000549452    000
1201004080535000002010204239300000000522017    000
1201004080535000002010204238470000000496868    000
1201004080535000002010204238500000000628032    000
1201004080535000002010204238640000000592503    000
1201004080535000002010150023200000001416476    000
1201004080535000002010202595320000000352656    000
1201004080535000002010202595460000000458837    000
1201004080535000002010202595630000000386279    000
1201004080535000002010204232880000000426858    000
1201004080535000002010204233060000000497119    000
1201004080535000002010204233370000000795139    000
1201004080535000002010204233540000001072529    000
1201004080535000002010204233680000000602424    000
1201004080535000002010204233850000000559799    000
1201004080535000002010204233990000000477262    000
1201004080535000002010204234030000000625613    000
1201004080535000002010204234170000000422451    000
1201004080535000002010204234200000000829405    000
1201004080535000002010204234340000000744504    000
1201004080535000002010204234480000000719130    000
1201004080535000002010204234510000000396904    000
1201004080535000002010204234650000000450096    000
1201004080535000002010204234790000000385952    000
1201004080535000002010204234820000000764584    000
1201004080535000002010204236600000000424785    000
1201004080535000002010204236870000000568571    000
1201004080535000002010204236900000000555344    000
1201004080535000002010204237220000000553600    000
1201004080535000002010204237360000000773969    000
1201004080535000002010204237400000000548409    000
1201004080535000002010204237530000000592493    000
1201004080535000002010204237670000000482474    000
1201004080535000002010204237700000000613807    000
1201004080535000002010204237840000000573828    000
1201004080535000002010204237980000000592493    000
1201004080535000002010204238020000000919382    000
1201004080535000002010204238160000000379660    000
1201004080535000002010204238200000000442726    000
1201004080535000002010204242420000000593232    000
1201004080535000002010204242560000000440739    000
1201004080535000002010204252690000000550305    000
1201004080535000002010204302530000006637703    000
1201004080535000002010204302670000000450798    000
1201004080535000002010204302700000000585777    000
1201004080535000002010204302840000000366894    000
1201004080535000002010204302980000000563152    000
1201004080535000002010204303020000000413460    000
1201004080535000002010204303160000000391933    000
1201004080535000002010204303640000000181144    000
1201004080535000002010204303810000000384288    000
1201004080535000002010204303950000000582580    000
1201004080535000002010204304000000000407375    000
1201004080535000002010204304130000000436192    000
1201004080535000002010204309850000000451837    000
1201004080535000002010204309990000000476651    000
1201004080535000002010204310000000000466811    000
1201004080535000002010204310130000000428270    000
1201004080535000002010204310270000000484282    000
1201004080535000002010204310300000000646809    000
1201004080535000002010204310440000000565587    000
1201004080535000002010204310580000000497200    000
1201004080535000002010204310750000000529464    000
1201004080535000002010204311240000000579782    000
1201004080535000002010204311380000000487161    000
1201004080535000002010204311410000000576193    000
1201004080535000002010204311550000000619794    000
1201004080535000002010204311690000000627966    000
1201004080535000002010204311720000000627855    000
1201004080535000002010204311860000000603192    000
1201004080535000002010204311900000000616205    000
1201004080535000002010204312040000000530617    000
1201004080535000002010204312180000000337734    000
1201004080535000002010204312210000000554427    000
1201004080535000002010204312350000000521998    000
1201004080535000002010204312490000000513822    000
1201004080535000002010204312660000000521624    000
1201004080535000002010204312970000000434160    000
1201004080535000002010204313010000000459468    000
1201004080535000002010204313290000000372334    000
1201004080535000002010204313320000000459216    000
1201004080535000002010204313460000000417986    000
1201004080535000002010204313500000000582382    000
1201004080535000002010204313630000000448582    000
1201004080535000002010204313770000000531688    000
1201004080535000002010204313800000000430037    000
1201004080535000002010204313940000000470265    000
1201004080535000002010204317800000000520599    000
1201004080535000002010204317930000000571948    000
1201004080535000002010204318080000000562094    000
1201004080535000002010204318110000000531036    000
1201004080535000002010204318250000000505533    000
1201004080535000002010204318390000000536181    000
1201004080535000002010204318560000000607072    000
1201004080535000002010204318600000000618117    000
1201004080535000002010204318730000000630718    000
1201004080535000002010204318900000000606718    000
1201004080535000002010204319050000000618466    000
1201004080535000002010204319190000000601942    000
1201004080535000002010204319220000000618987    000
1201004080535000002010204319360000000465831    000
1201004080535000002010204319400000000543543    000
1201004080535000002010204319530000000516077    000
1201004080535000002010204319700000000623573    000
1201004080535000002010204322650000000511322    000
1201004080535000002010204322820000000540987    000
1201004080535000002010204322960000000514560    000
1201004080535000002010204323000000003339167    000
1201004080535000002010204323140000000496590    000
1201004080535000002010204323280000000658529    000
1201004080535000002010204323310000000470461    000
1201004080535000002010204323450000000511504    000
1201004080535000002010204323590000000364975    000
1201004080535000002010204323620000000533224    000
1201004080535000002010204323760000000430351    000
1201004080535000002010204323800000000660379    000
1201004080535000002010204323930000000496307    000
1201004080535000002010204325530000000676953    000
1201004080535000002010203975050000000519323    000
1201004080535000002010203975220000000627350    000
1201004080535000002010203975400000000529751    000
1201004080535000002010203975670000000505928    000
1201004080535000002010203975980000000702352    000
1201004080535000002010203976020000000533840    000
1201004080535000002010203976160000000550907    000
1201004080535000002010203976200000000404192    000
1201004080535000002010203982330000000228020    000
1201004080535000002010203982500000000544186    000
1201004080535000002010203982640000000595223    000
1201004080535000002010203982810000000411374    000
1201004080535000002010203982950000000346752    000
1201004080535000002010203983000000000386797    000
1201004080535000002010203983130000000443239    000
1201004080535000002010203994710000000647492    000
1201004080535000002010203995030000000629583    000
1201004080535000002010203995510000000765229    000
1201004080535000002010203995650000000367419    000
1201004080535000002010203995790000000521887    000
1201004080535000002010203995960000000428338    000
1201004080535000002010203996140000000240167    000
1201004080535000002010204099410000000336177    000
1201004080535000002010204099550000000467090    000
1201004080535000002010204099690000002573323    000
1201004080535000002010204119560000000462705    000
1201004080535000002010204126360000000627778    000
1201004080535000002010204126530000000457565    000
1201004080535000002010204126700000000592493    000
1201004080535000002010204126980000000414672    000
1201004080535000002010204130000000000537083    000
1201004080535000002010204130280000000357684    000
1201004080535000002010204139400000000610903    000
1201004080535000002010204139680000000740341    000
1201004080535000002010204139710000000578310    000
1201004080535000002010204139850000000553607    000
1201004080535000002010204140000000000280112    000
1201004080535000002010204140270000000568940    000
1201004080535000002010204140440000000543588    000
1201004080535000002010204140610000000469196    000
1201004080535000002010204149360000000442788    000
1201004080535000002010204149400000000486814    000
1201004080535000002010204149530000000471604    000
1201004080535000002010204149670000000492344    000
1201004080535000002010204149840000000478041    000
1201004080535000002010204150090000000399242    000
1201004080535000002010204150300000000323332    000
1201004080535000002010204150430000000431135    000
1201004080535000002010204150570000000466853    000
1201004080535000002010204150600000000344730    000
1201004080535000002010204150740000000638807    000
1201004080535000002010204150880000000750384    000
1201004080535000002010204151100000000552891    000
1201004080535000002010204151370000000601361    000
1201004080535000002010204151540000000582412    000
1201004080535000002010204151710000000580516    000
1201004080535000002010204151850000000684383    000
1201004080535000002010204152030000000849195    000
1201004080535000002010204152170000000472054    000
1201004080535000002010204152200000000481339    000
1201004080535000002010204152480000000706683    000
1201004080535000002010204152820000000511794    000
1201004080535000002010204152960000000909905    000
1201004080535000002010204153140000000334898    000
1201004080535000002010204153450000000591558    000
1201004080535000002010204153590000000488428    000
1201004080535000002010204153620000000695577    000
1201004080535000002010204153760000000438613    000
1201004080535000002010204166770000000480351    000
1201004080535000002010204185640000000592493    000
1201004080535000002010204185780000000477973    000
1201004080535000002010204185950000000385896    000
1201004080535000002010204186000000000476941    000
1201004080535000002010204186270000000554951    000
1201004080535000002010204186300000000452240    000
1201004080535000002010204186440000000439794    000
1201004080535000002010204186580000000588439    000
1201004080535000002010204186750000000426174    000
1201004080535000002010204186890000000248407    000
1201004080535000002010204187070000000445655    000
1201004080535000002010204187100000000592493    000
1201004080535000002010204189500000000385126    000
1201004080535000002010204189630000000386137    000
1201004080535000002010204207870000000429349    000
1201004080535000002010204207900000000436497    000
1201004080535000002010204208050000000658753    000
1201004080535000002010204213110000000473264    000
1201004080535000002010204213390000000650184    000
1201004080535000002010204213560000000398251    000
1201004080535000002010204213730000000512508    000
1201004080535000002010204213870000000374874    000
1201004080535000002010204214050000000465225    000
1201004080535000002010204214400000000476966    000
1201004080535000002010204214530000000431944    000
1201004080535000002010204214670000000695663    000
1201004080535000002010204214700000000462666    000
1201004080535000002010204214840000000518254    000
1201004080535000002010204214980000000500523    000
1201004080535000002010204215020000000252359    000
1201004080535000002010204215160000000598962    000
1201004080535000002010204215330000000519262    000
1201004080535000002010204215640000000507891    000
1201004080535000002010204215780000000440635    000
1201004080535000002010204215810000000514130    000
1201004080535000002010204216000000000550118    000
1201004080535000002010204216270000000440566    000
1201004080535000002010204216300000000639960    000
1201004080535000002010204216440000000374938    000
1201004080535000002010204216750000000430963    000
1201004080535000002010204216920000000388518    000
1201004080535000002010204217070000000382645    000
1201004080535000002010204217100000000392093    000
1201004080535000002010204217380000000438121    000
1201004080535000002010204217690000000492734    000
1201004080535000002010204217720000000368709    000
1201004080535000002010204230210000000739790    000
1201004080535000002010204230490000000500970    000
1201004080535000002010204230520000000833221    000
1201004080535000002010204230660000000886014    000
1201004080535000002010204230700000000549711    000
1201004080535000002010204230830000000539188    000
1201004080535000002010204230970000000422701    000
1201004080535000002010204231010000000472849    000
1201004080535000002010204231150000000617726    000
1201004080535000002010204231290000002422511    000
1201004080535000002010204231320000000477546    000
1201004080535000002010204231500000000949369    000
1201004080535000002010204231630000000513054    000
1201004080535000002010204231770000000463369    000
1201004080535000002010204231800000000453586    000
1201004080535000002010204232260000000414507    000
1201004080535000002010204232300000000449297    000
1201004080535000002010204232430000000417437    000
1201004080535000002010204232570000000603145    000
1201004080535000002010202595800000000646511    000
1201004080535000002010202595940000000851827    000
1201004080535000002010202596090000000681417    000
1201004080535000002010202596120000000665490    000
1201004080535000002010202596300000000383802    000
1201004080535000002010202596430000000652073    000
1201004080535000002010202596600000000646637    000
1201004080535000002010202596740000000467438    000
1201004080535000002010202596910000000569256    000
1201004080535000002010202597060000000418554    000
1201004080535000002010202597100000000551297    000
1201004080535000002010202597230000000384540    000
1201004080535000002010202597370000000617199    000
1201004080535000002010202597400000000538335    000
1201004080535000002010202597540000001270409    000
1201004080535000002010202597710000001002784    000
1201004080535000002010202597990000000552877    000
1201004080535000002010202598030000000514951    000
1201004080535000002010202598510000000436434    000
1201004080535000002010202598960000000580159    000
1201004080535000002010202599000000000582702    000
1201004080535000002010202599280000000865967    000
1201004080535000002010202599310000000106191    000
1201004080535000002010202599620000000392145    000
1201004080535000002010202599760000000616995    000
1201004080535000002010202599930000000433176    000
1201004080535000002010202600070000000563325    000
1201004080535000002010202600240000001410128    000
1201004080535000002010202600380000000961572    000
1201004080535000002010202600410000000559864    000
1201004080535000002010202600550000000878834    000
1201004080535000002010202600690000000599672    000
1201004080535000002010202600900000000461190    000
1201004080535000002010202601520000000646538    000
1201004080535000002010202601830000000451176    000
1201004080535000002010202602290000000490264    000
1201004080535000002010202602320000000436213    000
1201004080535000002010202602500000000529307    000
1201004080535000002010202602770000000536114    000
1201004080535000002010202603120000001072706    000
1201004080535000002010202603300000000325705    000
1201004080535000002010202603430000000685893    000
1201004080535000002010202603570000001418851    000
1201004080535000002010202603880000001410799    000
1201004080535000002010202604060000001335087    000
1201004080535000002010202604230000000534343    000
1201004080535000002010202604370000000400106    000
1201004080535000002010202604540000000796978    000
1201004080535000002010202604680000000559909    000
1201004080535000002010202604710000000584285    000
1201004080535000002010202604990000000463007    000
1201004080535000002010202605510000000533725    000
1201004080535000002010202605650000001096658    000
1201004080535000002010202605790000000571964    000
1201004080535000002010202606000000000523682    000
1201004080535000002010202606140000000516678    000
1201004080535000002010202606280000000526660    000
1201004080535000002010202606310000000445740    000
1201004080535000002010202607110000000650049    000
1201004080535000002010202607250000000677078    000
1201004080535000002010202607390000000597104    000
1201004080535000002010202607900000000636389    000
1201004080535000002010202608050000000778092    000
1201004080535000002010202608190000000576159    000
1201004080535000002010202608360000001193373    000
1201004080535000002010202608400000000372694    000
1201004080535000002010202608700000001204748    000
1201004080535000002010202609200000000490962    000
1201004080535000002010202609330000000590693    000
1201004080535000002010202609470000000739832    000
1201004080535000002010202609640000000406445    000
1201004080535000002010202609810000000667136    000
1201004080535000002010202610060000000619011    000
1201004080535000002010202610230000000388769    000
1201004080535000002010202610400000000971671    000
1201004080535000002010202610540000000497572    000
1201004080535000002010202610990000000656438    000
1201004080535000002010202611170000000582016    000
1201004080535000002010202611200000000479505    000
1201004080535000002010202611340000000047071    000
1201004080535000002010202611960000000594492    000
1201004080535000002010202612590000000601708    000
1201004080535000002010202613110000000358460    000
1201004080535000002010202613250000000435268    000
1201004080535000002010202613420000000540211    000
1201004080535000002010202613870000000585623    000
1201004080535000002010202614050000000468936    000
1201004080535000002010202614360000000426243    000
1201004080535000002010202614980000000542863    000
1201004080535000002010202615020000000671065    000
1201004080535000002010202615200000000775452    000
1201004080535000002010202615810000000475557    000
1201004080535000002010202620670000000455618    000
1201004080535000002010202620700000000574767    000
1201004080535000002010202632090000000409952    000
1201004080535000002010202632300000000463142    000
1201004080535000002010202632430000000313276    000
1201004080535000002010202632570000000497044    000
1201004080535000002010202632600000000738996    000
1201004080535000002010202633370000000738999    000
1201004080535000002010202633540000000645431    000
1201004080535000002010202633680000000683355    000
1201004080535000002010202633850000000580828    000
1201004080535000002010202639440000000484112    000
1201004080535000002010202648150000000602324    000
1201004080535000002010202648500000000423924    000
1201004080535000002010202648770000000498642    000
1201004080535000002010202650020000000486573    000
1201004080535000002010202651300000000597873    000
1201004080535000002010202651580000000386579    000
1201004080535000002010202652240000000521575    000
1201004080535000002010202652720000000699208    000
1201004080535000002010202652860000000464084    000
1201004080535000002010202653490000000722780    000
1201004080535000002010202654290000000588008    000
1201004080535000002010202654770000000958405    000
1201004080535000002010202658620000000925845    000
1201004080535000002010202658930000000832817    000
1201004080535000002010202659080000000460625    000
1201004080535000002010202659420000000549637    000
1201004080535000002010202659600000000647448    000
1201004080535000002010202659730000000964216    000
1201004080535000002010202663200000000482529    000
1201004080535000002010202668920000000479592    000
1201004080535000002010202685680000000466945    000
1201004080535000002010202685850000000586670    000
1201004080535000002010202687000000000473978    000
1201004080535000002010202688390000000627323    000
1201004080535000002010202688560000000718436    000
1201004080535000002010202689360000000632636    000
1201004080535000002010202689530000000702187    000
1201004080535000002010202689670000000482212    000
1201004080535000002010202771800000000261573    000
1201004080535000002010202772120000000550992    000
1201004080535000002010202895470000000372864    000
1201004080535000002010203117100000000504351    000
1201004080535000002010203117230000000442635    000
1201004080535000002010203117850000000803482    000
1201004080535000002010203126080000000454062    000
1201004080535000002010203126420000000522182    000
1201004080535000002010203126730000000362632    000
1201004080535000002010203131280000000499281    000
1201004080535000002010203275300000000695589    000
1201004080535000002010203275440000000467538    000
1201004080535000002010203275750000000458144    000
1201004080535000002010203275890000000624273    000
1201004080535000002010203276240000000579992    000
1201004080535000002010203276380000000701072    000
1201004080535000002010203276550000000568039    000
1201004080535000002010203276860000000599616    000
1201004080535000002010203277040000000750623    000
1201004080535000002010203277210000000575356    000
1201004080535000002010203277660000000450949    000
1201004080535000002010203277700000000465996    000
1201004080535000002010203277830000000648117    000
1201004080535000002010203278150000000507171    000
1201004080535000002010203278460000000352379    000
1201004080535000002010203278500000000724537    000
1201004080535000002010203278770000000929995    000
1201004080535000002010203278800000000500970    000
1201004080535000002010203313700000000372463    000
1201004080535000002010203314010000000685994    000
1201004080535000002010203314320000000546235    000
1201004080535000002010203314500000000393510    000
1201004080535000002010203314800000000479646    000
1201004080535000002010203314940000000698763    000
1201004080535000002010203315430000000350755    000
1201004080535000002010203330620000000641052    000
1201004080535000002010203330760000000514574    000
1201004080535000002010203330800000000410898    000
1201004080535000002010203331080000000400656    000
1201004080535000002010203331560000000376799    000
1201004080535000002010203332220000000653161    000
1201004080535000002010203332360000000568057    000
1201004080535000002010203332400000000453490    000
1201004080535000002010203344740000000519287    000
1201004080535000002010203344880000000591913    000
1201004080535000002010203345060000000492569    000
1201004080535000002010203345100000000466332    000
1201004080535000002010203345230000000503951    000
1201004080535000002010203345540000000391893    000
1201004080535000002010203345680000000502645    000
1201004080535000002010203488600000000756913    000
1201004080535000002010203547560000000402574    000
1201004080535000002010203547600000000455907    000
1201004080535000002010203548050000000398875    000
1201004080535000002010203548220000000432569    000
1201004080535000002010203548400000000570245    000
1201004080535000002010203548530000000644768    000
1201004080535000002010203548670000000650423    000
1201004080535000002010203648880000000619977    000
1201004080535000002010203877370000000560460    000
1201004080535000002010203890030000000454329    000
1201004080535000002010203911800000000407207    000
1201004080535000002010203923840000000449170    000
1201004080535000002010203923980000000388075    000
1201004080535000002010203924160000000059902    000
1201004080535000002010203930780000000463031    000
1201004080535000002010203930950000000685810    000
1201004080535000002010203931130000000435299    000
1201004080535000002010203931300000000422240    000
1201004080535000002010203946190000000502498    000
1201004080535000002010203974560000000524742    000
1201004080535000002010203974600000000393164    000
22010040805350004640001862000000265941223*********
