0200603230535MOMENTUM DATA EAST       201016000511
1200603230535000002010202595460000000411005    000
1200603230535000002010202595500000000339195    000
1200603230535000002010202595630000000401751    000
1200603230535000002010202595770000000349919    000
1200603230535000002010202595800000000449180    000
1200603230535000002010202595940000000431833    000
1200603230535000002010202596090000000403644    000
1200603230535000002010202596120000000420218    000
1200603230535000002010202596260000000403041    000
1200603230535000002010202596300000000543942    000
1200603230535000002010202596430000000802740    000
1200603230535000002010202596600000000424503    000
1200603230535000002010202596740000000364995    000
1200603230535000002010202596880000000278297    000
1200603230535000002010202596910000000497151    000
1200603230535000002010202597060000000346795    000
1200603230535000002010202597100000000378475    000
1200603230535000002010202597230000000406639    000
1200603230535000002010202597370000000460243    000
1200603230535000002010202597400000000357740    000
1200603230535000002010202597540000001106657    000
1200603230535000002010202597680000000591675    000
1200603230535000002010202597710000000362546    000
1200603230535000002010202597850000000353050    000
1200603230535000002010202597990000000396808    000
1200603230535000002010202598030000000405314    000
1200603230535000002010202598170000000651082    000
1200603230535000002010202598200000000352093    000
1200603230535000002010202598340000000139249    000
1200603230535000002010202598480000000396385    000
1200603230535000002010202598510000000350616    000
1200603230535000002010202598650000000305015    000
1200603230535000002010202598790000000302760    000
1200603230535000002010202598820000000596838    000
1200603230535000002010202598960000000414747    000
1200603230535000002010202599000000000352022    000
1200603230535000002010202599280000000381333    000
1200603230535000002010202599310000000477057    000
1200603230535000002010202599450000000433252    000
1200603230535000002010202599590000000492923    000
1200603230535000002010202599620000000344995    000
1200603230535000002010202599760000000355659    000
1200603230535000002010202599800000000316384    000
1200603230535000002010202599930000000376555    000
1200603230535000002010202600070000000324487    000
1200603230535000002010202600240000001204177    000
1200603230535000002010202600380000000291047    000
1200603230535000002010202600410000000362935    000
1200603230535000002010202600550000000339956    000
1200603230535000002010202600690000000482988    000
1200603230535000002010202600860000000486243    000
1200603230535000002010202600900000000362305    000
1200603230535000002010202601180000000291438    000
1200603230535000002010202601350000000303646    000
1200603230535000002010202601490000000310909    000
1200603230535000002010202601520000000448336    000
1200603230535000002010202601660000000353380    000
1200603230535000002010202601830000000368549    000
1200603230535000002010202601970000000347647    000
1200603230535000002010202602010000000293474    000
1200603230535000002010202602150000000441445    000
1200603230535000002010202602290000000379708    000
1200603230535000002010202602320000000300942    000
1200603230535000002010202602460000000606444    000
1200603230535000002010202602500000000376757    000
1200603230535000002010202602630000000347031    000
1200603230535000002010202602770000000350845    000
1200603230535000002010202602800000000382958    000
1200603230535000002010202603090000000549021    000
1200603230535000002010202603120000000370583    000
1200603230535000002010202603260000000438584    000
1200603230535000002010202603300000000518475    000
1200603230535000002010202603430000000372133    000
1200603230535000002010202603600000000371831    000
1200603230535000002010202603740000000367072    000
1200603230535000002010202603880000000370583    000
1200603230535000002010202603910000000345327    000
1200603230535000002010202604060000000333253    000
1200603230535000002010202604100000000326914    000
1200603230535000002010202604230000000281047    000
1200603230535000002010202604370000000317725    000
1200603230535000002010202604400000000280342    000
1200603230535000002010202604540000000331921    000
1200603230535000002010202604680000000510519    000
1200603230535000002010202604710000000506821    000
1200603230535000002010202604850000000162594    000
1200603230535000002010202604990000000411049    000
1200603230535000002010202605030000000327603    000
1200603230535000002010202605200000000514585    000
1200603230535000002010202605340000000370583    000
1200603230535000002010202605480000000459212    000
1200603230535000002010202605510000000326893    000
1200603230535000002010202605650000000428428    000
1200603230535000002010202605790000000339225    000
1200603230535000002010202605820000000382532    000
1200603230535000002010202605960000000410823    000
1200603230535000002010202606000000000400388    000
1200603230535000002010202606140000000415981    000
1200603230535000002010202606280000000430084    000
1200603230535000002010202606310000000297594    000
1200603230535000002010202606450000000385581    000
1200603230535000002010202606590000000329592    000
1200603230535000002010202606620000000358973    000
1200603230535000002010202606760000000425117    000
1200603230535000002010202606800000000264830    000
1200603230535000002010202606930000000512440    000
1200603230535000002010202607080000000351818    000
1200603230535000002010202607110000000350570    000
1200603230535000002010202607250000000467572    000
1200603230535000002010202607390000000400993    000
1200603230535000002010202607420000000338548    000
1200603230535000002010202607560000000388899    000
1200603230535000002010202607730000000328094    000
1200603230535000002010202607870000000441498    000
1200603230535000002010202607900000000397779    000
1200603230535000002010202608050000000384299    000
1200603230535000002010202608190000000408154    000
1200603230535000002010202608220000000378367    000
1200603230535000002010202608360000001027907    000
1200603230535000002010202608400000000570299    000
1200603230535000002010202608530000000370583    000
1200603230535000002010202608670000001319177    000
1200603230535000002010202608700000000406663    000
1200603230535000002010202608980000000256554    000
1200603230535000002010202609020000000308133    000
1200603230535000002010202609160000000345593    000
1200603230535000002010202609200000000386647    000
1200603230535000002010202609330000000392758    000
1200603230535000002010202609470000000508888    000
1200603230535000002010202609640000000326241    000
1200603230535000002010202609780000000385535    000
1200603230535000002010202609810000000434763    000
1200603230535000002010202609950000000787920    000
1200603230535000002010202610060000000249632    000
1200603230535000002010202610100000000327325    000
1200603230535000002010202610230000000363233    000
1200603230535000002010202610370000000424930    000
1200603230535000002010202610400000000370583    000
1200603230535000002010202610540000000319125    000
1200603230535000002010202610680000000417503    000
1200603230535000002010202610710000000324186    000
1200603230535000002010202610990000000340048    000
1200603230535000002010202611170000000400589    000
1200603230535000002010202611200000000316572    000
1200603230535000002010202611340000000321419    000
1200603230535000002010202611480000000282719    000
1200603230535000002010202611510000000264888    000
1200603230535000002010202611650000000492083    000
1200603230535000002010202611790000000364296    000
1200603230535000002010202611820000000389345    000
1200603230535000002010202611960000000365965    000
1200603230535000002010202612000000000414123    000
1200603230535000002010202612140000000357942    000
1200603230535000002010202612280000000251814    000
1200603230535000002010202612310000000453184    000
1200603230535000002010202612450000000419572    000
1200603230535000002010202612590000000355524    000
1200603230535000002010202612620000000295070    000
1200603230535000002010202612760000005803861    000
1200603230535000002010202612800000000578125    000
1200603230535000002010202613080000000317275    000
1200603230535000002010202613110000000360996    000
1200603230535000002010202613250000000353876    000
1200603230535000002010202613420000000342628    000
1200603230535000002010202613560000000316448    000
1200603230535000002010202613730000000345140    000
1200603230535000002010202613870000000427215    000
1200603230535000002010202613900000000225757    000
1200603230535000002010202614050000000302480    000
1200603230535000002010202614190000000286886    000
1200603230535000002010202614220000000357448    000
1200603230535000002010202614360000000457687    000
1200603230535000002010202614400000000224076    000
1200603230535000002010202614530000000310011    000
1200603230535000002010202614670000000354670    000
1200603230535000002010202614700000000300558    000
1200603230535000002010202614980000000466721    000
1200603230535000002010202615160000000430543    000
1200603230535000002010202615200000000480645    000
1200603230535000002010202615330000000325729    000
1200603230535000002010202615470000000311943    000
1200603230535000002010202615500000000319924    000
1200603230535000002010202615640000000227815    000
1200603230535000002010202615780000000460896    000
1200603230535000002010202615810000000392997    000
1200603230535000002010202615950000000271890    000
1200603230535000002010202616000000000298617    000
1200603230535000002010202616130000000331089    000
1200603230535000002010202620400000000563275    000
1200603230535000002010202620670000000324644    000
1200603230535000002010202620700000000302545    000
1200603230535000002010202620840000000396744    000
1200603230535000002010202620980000000312389    000
1200603230535000002010202631630000000500000    000
1200603230535000002010202631800000000344662    000
1200603230535000002010202632090000000343178    000
1200603230535000002010202632120000000333181    000
1200603230535000002010202632260000000301539    000
1200603230535000002010202632300000000338671    000
1200603230535000002010202632430000000247264    000
1200603230535000002010202632570000000275809    000
1200603230535000002010202632600000000275324    000
1200603230535000002010202632740000000273501    000
1200603230535000002010202632880000000275447    000
1200603230535000002010202632910000000272571    000
1200603230535000002010202633060000000276477    000
1200603230535000002010202633100000000283808    000
1200603230535000002010202633370000000335640    000
1200603230535000002010202633400000000450945    000
1200603230535000002010202633540000000473125    000
1200603230535000002010202633680000000367719    000
1200603230535000002010202633710000000264978    000
1200603230535000002010202633850000000467022    000
1200603230535000002010202633990000000304364    000
1200603230535000002010202638810000000333358    000
1200603230535000002010202638950000000267519    000
1200603230535000002010202639000000000295372    000
1200603230535000002010202639130000000347885    000
22006032305350002180000892000000090509050*********
