0200607030535MOMENTUM DATA EAST       201016000511
1200607030535000002010202690740000000091262    000
1200607030535000002010202689980000000089012    000
1200607030535000002010202690090000000183742    000
1200607030535000002010202690260000000325462    000
1200607030535000002010202690300000000282282    000
1200607030535000002010202690430000000211101    000
1200607030535000002010202690570000000273209    000
1200607030535000002010202690600000000270137    000
1200607030535000002010202771630000000316941    000
1200607030535000002010202771770000000398580    000
1200607030535000002010202771800000000301211    000
1200607030535000002010202771940000000287709    000
1200607030535000002010202772090000005615823    000
1200607030535000002010202772120000000290828    000
1200607030535000002010202772260000000418796    000
1200607030535000002010202772300000000298271    000
1200607030535000002010202595320000000393807    000
1200607030535000002010202595460000000422326    000
1200607030535000002010202595500000000298322    000
1200607030535000002010202595630000000332078    000
1200607030535000002010202595770000000362731    000
1200607030535000002010202595800000000342578    000
1200607030535000002010202595940000000367205    000
1200607030535000002010202596090000000392799    000
1200607030535000002010202596120000000342830    000
1200607030535000002010202596260000000671295    000
1200607030535000002010202596300000000233835    000
1200607030535000002010202596430000000302933    000
1200607030535000002010202596600000000370811    000
1200607030535000002010202596740000000466369    000
1200607030535000002010202596880000000313709    000
1200607030535000002010202596910000000323056    000
1200607030535000002010202597060000000207468    000
1200607030535000002010202597100000000472501    000
1200607030535000002010202597230000000398879    000
1200607030535000002010202597370000000401804    000
1200607030535000002010202597400000000261928    000
1200607030535000002010202597540000001221667    000
1200607030535000002010202597680000000603345    000
1200607030535000002010202597710000000571503    000
1200607030535000002010202597850000000346006    000
1200607030535000002010202597990000000411496    000
1200607030535000002010202598030000000371672    000
1200607030535000002010202598170000000333449    000
1200607030535000002010202598200000000488539    000
1200607030535000002010202598340000000383486    000
1200607030535000002010202598480000000279916    000
1200607030535000002010202598510000000301693    000
1200607030535000002010202598650000000353045    000
1200607030535000002010202598820000000312902    000
1200607030535000002010202598960000000511681    000
1200607030535000002010202599000000000411982    000
1200607030535000002010202599280000000378044    000
1200607030535000002010202599310000000375844    000
1200607030535000002010202599450000000384138    000
1200607030535000002010202599590000000996907    000
1200607030535000002010202599620000000345717    000
1200607030535000002010202599760000000192836    000
1200607030535000002010202599800000000328552    000
1200607030535000002010202599930000000300287    000
1200607030535000002010202600070000000274255    000
1200607030535000002010202600240000001274177    000
1200607030535000002010202600380000000244429    000
1200607030535000002010202600410000000384581    000
1200607030535000002010202600550000000370837    000
1200607030535000002010202600690000000381401    000
1200607030535000002010202600860000000502083    000
1200607030535000002010202600900000000427467    000
1200607030535000002010202601180000000301383    000
1200607030535000002010202601350000000326523    000
1200607030535000002010202601490000000331739    000
1200607030535000002010202601520000000393854    000
1200607030535000002010202601660000000565495    000
1200607030535000002010202601830000000361968    000
1200607030535000002010202602010000000448776    000
1200607030535000002010202602150000000419933    000
1200607030535000002010202602290000000284880    000
1200607030535000002010202602320000000359855    000
1200607030535000002010202602460000000321250    000
1200607030535000002010202602500000000298374    000
1200607030535000002010202602630000000341067    000
1200607030535000002010202602770000000278660    000
1200607030535000002010202602800000000337852    000
1200607030535000002010202603090000000412810    000
1200607030535000002010202603120000000900587    000
1200607030535000002010202603300000000331352    000
1200607030535000002010202603430000000382005    000
1200607030535000002010202603570000001219853    000
1200607030535000002010202603600000000181501    000
1200607030535000002010202603740000000369828    000
1200607030535000002010202603880000000687837    000
1200607030535000002010202603910000000286200    000
1200607030535000002010202604060000000560095    000
1200607030535000002010202604100000000387520    000
1200607030535000002010202604230000000291514    000
1200607030535000002010202604370000000322276    000
1200607030535000002010202604400000000288438    000
1200607030535000002010202604540000000347650    000
1200607030535000002010202604680000000577389    000
1200607030535000002010202604710000000287916    000
1200607030535000002010202604990000000329957    000
1200607030535000002010202605200000000250839    000
1200607030535000002010202605340000000548333    000
1200607030535000002010202605510000000313611    000
1200607030535000002010202605650000000448230    000
1200607030535000002010202605790000000364515    000
1200607030535000002010202605820000000343194    000
1200607030535000002010202605960000000924827    000
1200607030535000002010202606000000000364733    000
1200607030535000002010202606140000000357259    000
1200607030535000002010202606280000000266977    000
1200607030535000002010202606310000000337183    000
1200607030535000002010202606590000000356264    000
1200607030535000002010202606620000000282387    000
1200607030535000002010202606760000000439532    000
1200607030535000002010202606800000000248918    000
1200607030535000002010202607080000000330040    000
1200607030535000002010202607110000000400283    000
1200607030535000002010202607250000000361601    000
1200607030535000002010202607390000000330560    000
1200607030535000002010202607420000000335950    000
1200607030535000002010202607560000000933045    000
1200607030535000002010202607730000000226136    000
1200607030535000002010202607870000000354629    000
1200607030535000002010202607900000000359277    000
1200607030535000002010202608050000000355900    000
1200607030535000002010202608190000000303881    000
1200607030535000002010202608360000001083737    000
1200607030535000002010202608400000000502041    000
1200607030535000002010202608530000000531515    000
1200607030535000002010202608670000001319177    000
1200607030535000002010202608700000000918997    000
1200607030535000002010202608840000000313082    000
1200607030535000002010202609020000000499272    000
1200607030535000002010202609160000000401746    000
1200607030535000002010202609200000000339920    000
1200607030535000002010202609330000000400346    000
1200607030535000002010202609470000000383746    000
1200607030535000002010202609640000000344394    000
1200607030535000002010202609780000000354940    000
1200607030535000002010202609810000000447017    000
1200607030535000002010202610060000000318660    000
1200607030535000002010202610100000000355988    000
1200607030535000002010202610230000000387066    000
1200607030535000002010202610370000000300356    000
1200607030535000002010202610400000000609200    000
1200607030535000002010202610540000000391548    000
1200607030535000002010202610680000000833330    000
1200607030535000002010202610710000000301134    000
1200607030535000002010202610990000000345519    000
1200607030535000002010202611170000000364152    000
1200607030535000002010202611200000000323311    000
1200607030535000002010202611340000000372211    000
1200607030535000002010202611480000000298033    000
1200607030535000002010202611650000000950420    000
1200607030535000002010202611790000000309828    000
1200607030535000002010202611820000000334166    000
1200607030535000002010202611960000000476466    000
1200607030535000002010202612000000000324137    000
1200607030535000002010202612140000000214901    000
1200607030535000002010202612310000000447358    000
1200607030535000002010202612450000000305660    000
1200607030535000002010202612590000000320937    000
1200607030535000002010202612620000000491705    000
1200607030535000002010202612760000007625711    000
1200607030535000002010202612800000000953757    000
1200607030535000002010202613080000000278223    000
1200607030535000002010202613110000000296911    000
1200607030535000002010202613250000000282753    000
1200607030535000002010202613420000000472937    000
1200607030535000002010202613560000000369250    000
1200607030535000002010202613730000000325944    000
1200607030535000002010202613870000000306396    000
1200607030535000002010202614050000000248061    000
1200607030535000002010202614190000000310192    000
1200607030535000002010202614220000000368906    000
1200607030535000002010202614360000000404286    000
1200607030535000002010202614400000000256942    000
1200607030535000002010202614530000000269818    000
1200607030535000002010202614700000000280391    000
1200607030535000002010202614980000000578607    000
1200607030535000002010202615020000000299094    000
1200607030535000002010202615160000000437415    000
1200607030535000002010202615200000000460442    000
1200607030535000002010202615330000000340144    000
1200607030535000002010202615470000000312738    000
1200607030535000002010202615500000000406089    000
1200607030535000002010202615640000000250669    000
1200607030535000002010202615780000000459996    000
1200607030535000002010202615810000000374239    000
1200607030535000002010202615950000000192229    000
1200607030535000002010202616130000000249874    000
1200607030535000002010202620400000000501976    000
1200607030535000002010202620670000000306145    000
1200607030535000002010202620700000000310242    000
1200607030535000002010202620840000000341995    000
1200607030535000002010202620980000000218803    000
1200607030535000002010202631630000000500000    000
1200607030535000002010202631800000000340800    000
1200607030535000002010202632090000000342975    000
1200607030535000002010202632120000000334591    000
1200607030535000002010202632300000000340376    000
1200607030535000002010202632430000000270583    000
1200607030535000002010202632570000000245922    000
1200607030535000002010202632600000000291419    000
1200607030535000002010202632740000000193016    000
1200607030535000002010202632880000000300140    000
1200607030535000002010202632910000000220153    000
1200607030535000002010202633060000000289483    000
1200607030535000002010202633100000000160217    000
1200607030535000002010202633370000000333417    000
1200607030535000002010202633400000000343112    000
1200607030535000002010202633540000000310696    000
1200607030535000002010202633680000000323159    000
1200607030535000002010202633710000000235866    000
1200607030535000002010202633850000000337323    000
1200607030535000002010202633990000000297020    000
1200607030535000002010202638810000000415777    000
1200607030535000002010202639000000000332203    000
1200607030535000002010202639130000000278600    000
1200607030535000002010202639300000000461003    000
1200607030535000002010202639440000000484343    000
1200607030535000002010202648150000000300124    000
1200607030535000002010202648290000000262771    000
1200607030535000002010202648460000000288007    000
1200607030535000002010202648500000000269389    000
1200607030535000002010202648630000000734965    000
1200607030535000002010202648770000000285601    000
1200607030535000002010202648800000000256274    000
1200607030535000002010202648940000000347663    000
1200607030535000002010202649090000000013132    000
1200607030535000002010202649120000000262948    000
1200607030535000002010202649260000000196003    000
1200607030535000002010202649300000000144938    000
1200607030535000002010202649430000000333586    000
1200607030535000002010202649570000000180892    000
1200607030535000002010202649600000000133272    000
1200607030535000002010202649740000000193039    000
1200607030535000002010202649910000000290971    000
1200607030535000002010202650020000000235365    000
1200607030535000002010202650200000000296864    000
1200607030535000002010202650330000000219643    000
1200607030535000002010202650470000000114567    000
1200607030535000002010202650500000000105704    000
1200607030535000002010202650640000000321921    000
1200607030535000002010202650780000000468789    000
1200607030535000002010202650950000000209310    000
1200607030535000002010202651000000000365209    000
1200607030535000002010202651130000000199927    000
1200607030535000002010202651270000000226963    000
1200607030535000002010202651300000000139539    000
1200607030535000002010202651440000000199321    000
1200607030535000002010202651580000000132525    000
1200607030535000002010202651890000000129217    000
1200607030535000002010202651920000000512954    000
1200607030535000002010202652100000000220107    000
1200607030535000002010202652240000000297604    000
1200607030535000002010202652380000000219921    000
1200607030535000002010202652550000000176187    000
1200607030535000002010202652690000000180575    000
1200607030535000002010202652720000000566107    000
1200607030535000002010202652860000000484343    000
1200607030535000002010202653040000000271476    000
1200607030535000002010202653180000000026145    000
1200607030535000002010202653210000000572343    000
1200607030535000002010202653350000000222011    000
1200607030535000002010202653490000000434575    000
1200607030535000002010202653520000000150572    000
1200607030535000002010202653660000000195827    000
1200607030535000002010202653830000000172307    000
1200607030535000002010202654010000000223608    000
1200607030535000002010202654150000000226431    000
1200607030535000002010202654290000000247027    000
1200607030535000002010202654320000000244394    000
1200607030535000002010202654460000000199905    000
1200607030535000002010202654500000000198764    000
1200607030535000002010202654770000000572343    000
1200607030535000002010202654800000000217026    000
1200607030535000002010202654940000000226694    000
1200607030535000002010202655090000000190822    000
1200607030535000002010202658280000000187627    000
1200607030535000002010202658310000000213912    000
1200607030535000002010202658450000000176992    000
1200607030535000002010202658590000000358225    000
1200607030535000002010202658620000000180734    000
1200607030535000002010202658800000000323643    000
1200607030535000002010202658930000000132992    000
1200607030535000002010202659080000000270470    000
1200607030535000002010202659110000000169840    000
1200607030535000002010202659250000000196692    000
1200607030535000002010202659390000000120731    000
1200607030535000002010202659420000000291509    000
1200607030535000002010202659600000000180341    000
1200607030535000002010202659730000000572343    000
1200607030535000002010202659870000000174194    000
1200607030535000002010202660150000000117167    000
1200607030535000002010202660290000000303046    000
1200607030535000002010202660460000000271442    000
1200607030535000002010202660500000000154023    000
1200607030535000002010202662540000000188546    000
1200607030535000002010202662710000000134828    000
1200607030535000002010202662850000000205963    000
1200607030535000002010202662990000000218763    000
1200607030535000002010202663170000000189076    000
1200607030535000002010202663200000000390869    000
1200607030535000002010202663510000000578163    000
1200607030535000002010202668440000000372502    000
1200607030535000002010202668580000000130124    000
1200607030535000002010202668610000000323031    000
1200607030535000002010202668750000000415533    000
1200607030535000002010202668890000000518728    000
1200607030535000002010202668920000000308337    000
1200607030535000002010202671420000000217212    000
1200607030535000002010202671560000000455003    000
1200607030535000002010202671600000000455003    000
1200607030535000002010202685680000000333210    000
1200607030535000002010202685850000000243382    000
1200607030535000002010202685990000000279708    000
1200607030535000002010202686030000000095974    000
1200607030535000002010202686170000000278808    000
1200607030535000002010202686200000000227990    000
1200607030535000002010202686480000000291048    000
1200607030535000002010202686650000000201546    000
1200607030535000002010202686790000000235398    000
1200607030535000002010202686820000000350717    000
1200607030535000002010202686960000000212930    000
1200607030535000002010202687000000000311554    000
1200607030535000002010202687140000000355210    000
1200607030535000002010202687280000000306537    000
1200607030535000002010202687310000000218242    000
1200607030535000002010202687450000000271398    000
1200607030535000002010202687590000000090834    000
1200607030535000002010202687620000000265576    000
1200607030535000002010202687760000000129494    000
1200607030535000002010202688080000000294115    000
1200607030535000002010202688250000000211447    000
1200607030535000002010202688390000000267353    000
1200607030535000002010202688420000000326207    000
1200607030535000002010202688560000000612925    000
1200607030535000002010202688600000000406154    000
1200607030535000002010202688730000000355620    000
1200607030535000002010202689050000000341948    000
1200607030535000002010202689190000000345612    000
1200607030535000002010202689220000000290862    000
1200607030535000002010202689360000000143471    000
1200607030535000002010202689530000000287913    000
1200607030535000002010202689670000000344990    000
1200607030535000002010202689840000000172754    000
22006070305350003480001447000000133068431*********
